V 42.7176   29.5404   12.281
V 42.8332   26.1431   8.8563
V 12.4414   17.1223   13.146
V 30.4752   34.1264   8.77899
V 34.8713   21.6137   16.5416
V 12.4414   21.4123   13.146
V 19.8563   40.9187   14.3966
V 34.2532   30.4331   4.5663
V 36.1321   6.73403   15.3121
V 17.251   38.3446   21.3922
V 19.8563   23.7587   10.1066
V 31.8977   22.3332   7.66711
V 30.3422   25.1003   12.2431
V 4.37274   8.79628   16.9334
V 27.5533   14.5234   14.7062
V 15.4   31.9472   15.4348
V 3.49476   38.7471   16.5829
V 7.96913   34.1313   20.9814
V 0.0654531   30.0331   4.31327
V 21.8256   21.0231   8.25451
V 11.2069   24.0008   19.6992
V 3.71671   3.83704   13.0584
V 42.5412   8.66353   12.965
V 5.45564   37.1642   19.4244
V 3.79944   38.0837   12.7315
V 30.1052   33.7746   4.85333
V 3.75148   21.2293   8.19545
V 38.8076   25.7176   4.57493
V 36.3547   36.5643   19.0845
V 38.5901   42.7878   17.1164
V 38.9513   13.3561   11.9502
V 16.8823   34.8109   17.7515
V 4.03948   34.336   13.0621
V 21.7223   38.4125   8.6058
V 23.5873   27.8129   15.1051
V 32.0072   27.6988   19.3073
V 10.7961   6.39518   2.08726
V 39.0392   8.81086   4.6556
V 13.2673   19.4592   1.21265
V 3.76531   21.3362   4.27457
V 19.5615   23.138   2.52053
V 25.5387   25.9031   12.7862
V 30.7855   13.5572   12.4333
V 27.7875   19.3988   10.5752
V 23.6094   23.5738   19.2867
V 21.1858   8.91031   21.3781
V 4.19086   17.5366   13.0349
V 8.60703   17.4153   16.7278
V 18.8119   23.5409   18.7427
V 32.4467   1.926   19.3387
V 8.37128   12.9701   21.4285
V 17.3642   8.33485   8.30323
V 8.74399   17.2372   9.12002
V 19.332   19.5603   6.00283
V 21.6164   17.2863   12.7245
V 31.9737   28.0481   10.6412
V 21.2709   4.69657   8.86389
V 0.505796   17.7566   8.54843
V 25.7544   30.0088   17.1417
V 14.699   2.55401   19.426
V 38.7025   8.86345   21.2314
V 21.4058   16.8822   16.9062
V 42.2148   12.2221   4.24932
V 4.06667   8.24355   3.95175
V 38.7431   12.6642   8.37353
V 0.522726   21.5008   0.687502
V 13.957   31.7003   8.75197
V 40.4785   10.9622   14.7211
V 10.4747   32.02   19.0281
V 10.5329   36.2468   14.8519
V 38.8209   17.4182   21.2331
V 32.3081   1.9392   1.93853
V 0.217026   3.96072   16.826
V 40.9957   36.5216   6.28474
V 27.8242   19.1721   2.18242
V 36.2777   2.11463   15.4452
V 4.53068   30.0866   21.2997
V 12.6228   25.2354   16.8584
V 42.5356   38.7919   16.7889
V 38.7266   39.046   16.9659
V 29.7528   38.5042   21.4108
V 30.259   17.5087   4.63275
V 16.6518   30.7354   4.44581
V 29.7804   25.9965   0.528814
V 34.2203   4.20755   8.6895
V 30.0409   8.57618   13.0797
V 28.0098   36.3136   10.802
V 36.669   40.6472   10.6236
V 8.47608   29.7831   16.9831
V 8.70482   34.1686   12.947
V 40.6759   27.7814   14.8629
V 17.0004   42.5942   13.1904
V 36.3859   32.0714   19.1529
V 32.0959   6.33143   1.99294
V 12.5928   12.7642   4.25078
V 25.8648   17.0086   0.0770476
V 36.6606   27.6036   10.6827
V 32.176   32.4001   2.18895
V 6.44593   15.0112   10.9347
V 14.7669   23.199   10.6665
V 26.0533   30.009   4.36764
V 2.24193   28.0998   10.5821
V 12.7092   34.6849   8.68334
V 23.2569   27.65   10.3843
V 32.2719   36.6798   10.5821
V 23.6276   15.0328   14.7761
V 6.12676   23.332   10.52
V 11.1459   2.84788   14.8461
V 6.585   10.8614   14.836
V 9.00085   13.5729   12.7011
V 25.4318   12.607   12.665
V 4.32264   25.7578   16.9211
V 17.2569   25.9548   17.0171
V 23.0849   6.18049   19.8183
V 27.8554   15.0538   19.1106
V 6.33257   6.34934   6.11002
V 17.3122   4.13294   12.8437
V 23.4363   10.6852   10.783
V 16.8744   21.2421   4.22391
V 23.5654   19.3438   6.24058
V 11.2991   19.8374   10.2949
V 8.32561   25.6167   8.66979
V 23.5155   19.4284   10.657
V 25.6819   4.4794   17.3207
V 15.1752   10.5821   19.4384
V 23.576   10.7302   19.0726
V 14.6122   32.3437   1.88536
V 6.67024   40.4955   10.4237
V 36.4436   23.4629   6.6411
V 40.9723   23.364   6.50516
V 2.08692   36.6544   19.4657
V 40.5954   2.04026   2.27795
V 4.09814   4.39947   0.295749
V 2.06692   40.6975   6.13362
V 40.5224   6.47425   6.36258
V 40.9232   32.4203   10.5438
V 34.2245   8.78028   12.7023
V 36.4595   23.6106   10.7206
V 1.93215   36.3426   10.7221
V 23.3624   32.2142   10.6526
V 36.5694   32.1807   15.1407
V 8.76069   0.141869   16.9194
V 34.0874   12.9092   4.21758
V 0.429829   21.7266   4.43174
V 29.8704   8.52241   17.0326
V 40.7495   27.9006   19.3006
V 29.6314   0.0355627   8.7379
V 1.91239   2.18425   10.6526
V 8.57452   38.6256   8.57562
V 42.6674   38.6492   4.21758
V 34.7157   21.1275   8.59134
V 27.5487   40.7176   10.7972
V 34.2861   38.8005   16.9553
V 8.61002   4.29671   3.96416
V 14.8355   6.51388   6.49563
V 27.5588   2.13588   1.99201
V 12.8975   4.22521   0.0286274
V 19.5247   15.2554   6.35351
V 6.29285   19.5444   2.09148
V 21.6697   21.6904   4.20851
V 32.4653   27.9973   2.27028
V 8.5461   34.5105   4.08527
V 13.176   25.9174   0.0809594
V 36.302   32.2787   6.24422
V 23.7522   6.56151   10.6965
V 21.3676   25.9263   8.30912
V 15.2347   15.2554   14.9335
V 19.4444   10.8049   19.1156
V 2.17871   15.1355   19.1139
V 34.311   21.4837   21.2924
V 18.9673   10.8657   2.38541
V 40.6961   27.7372   6.51918
V 13.2541   4.70438   12.5514
V 19.2725   6.62482   10.8781
V 13.2541   4.70438   16.8414
V 6.37612   10.5772   19.3892
V 11.138   14.8763   15.2871
V 16.9623   21.3423   16.8558
V 12.6945   16.879   21.0629
V 6.41603   32.0953   18.9036
V 27.8261   32.0272   6.51918
V 8.84471   42.781   4.39918
V 40.6986   6.61854   15.2507
V 41.1722   19.8421   19.5865
V 14.781   40.9288   15.0646
V 34.086   8.75383   0.0495517
V 23.6745   36.4126   6.41097
V 4.33332   39.0333   0.21067
V 23.3671   36.5729   11.0752
V 17.0167   0.149021   8.28375
V 32.1186   15.1985   15.2507
V 40.559   27.4758   10.7114
V 2.18188   40.7208   14.8325
V 27.6351   41.1077   15.4365
V 34.086   4.46383   17.2096
V 36.5445   14.9626   10.701
V 32.1023   23.4421   14.84
V 30.0397   29.825   17.1081
V 1.84305   6.18822   2.00518
V 40.7703   10.6181   10.6985
V 40.6821   41.0243   14.6312
V 11.0117   14.6929   10.3139
V 25.438   42.6532   21.3102
V 21.2164   3.84184   0.129318
V 19.755   6.31042   6.27757
V 22.0017   0.398243   12.4235
V 32.625   19.1804   6.27757
V 34.0691   8.82917   17.3792
V 6.42938   19.4943   14.9576
V 36.2285   27.98   15.5622
V 2.07799   19.2821   15.2308
V 1.87037   24.2039   6.72995
V 41.3363   15.6641   10.0087
V 21.7982   42.899   17.0829
V 36.4804   19.1442   14.9099
V 40.9646   10.507   1.55024
V 1.9595   19.0046   2.20826
V 15.4717   32.231   11.2711
V 32.4617   32.1961   6.69208
V 31.9491   32.1184   11.296
V 38.6254   42.7392   21.3449
V 40.9884   11.003   18.9163
V 29.1247   21.962   9.30399
V 27.5794   36.689   14.9996
V 19.2191   36.5309   2.43042
V 2.13287   19.799   10.9344
V 27.7527   28.1708   2.33159
V 41.053   10.7015   6.86945
V 27.8016   36.1431   19.4821
V 17.2859   29.8183   17.1969
V 19.6768   36.1592   19.4038
V 2.08567   18.9007   6.14152
V 13.0202   21.7998   8.22069
V 10.3708   19.2474   2.1841
V 34.5491   0.175887   21.2982
V 10.3906   23.3181   14.7816
V 36.3065   23.547   14.8718
V 21.6791   38.7859   12.7182
V 2.38176   23.8294   2.10111
V 14.9118   36.5848   19.4082
V 32.1677   15.1057   10.4989
V 10.8723   19.3489   15.0873
V 32.241   23.5709   10.7043
V 27.4046   23.9941   10.9419
V 34.2698   42.5635   17.2045
V 1.79705   36.3481   14.9786
V 12.7123   21.6892   21.3584
V 2.12472   1.87972   15.2678
V 25.4544   0.0271049   17.0091
